000876
001079
000723
000676
000049
000756
000698
000226
000235
000020
001163
001022
000545
001114
000374
000764
000693
000615
000538
000530
000407
000823
001006
000323
000005
000288
000503
000877
000236
000718
000871
001034
000245
000628
000348
000899
000497
001166
000322
001086
001056
000953
000957
000702
000502
000915
000062
001263
000907
000593
000014
000700
000704
000582
000968
000527
000817
000643
000540
000844
000461
001320
000644
000326
000609
001185
001049
000743
000620
000835
000918
000597
000462
001319
001011
000051
000640
000854
000828
000116
000799
000818
000694
001162
000528
000171
000115
001072
000200
000017
000870
000075
000336
000740
000574
001302
000094
001095
001050
000069
001104
000356
000959
000216
000780
000561
000696
000298
000073
000656
000991
000377
000451
001283
000114
001201
001150
000342
000143
001176
000414
001037
001266
000150
001191
001025
001292
000293
000859
001023
001099
000102
000673
000207
000515
000943
000730
000093
000130
000601
001226
001073
000436
000477
000992
001194
000746
001171
000599
000181
000555
000568
000972
000926
001221
000775
000937
001032
000669
000428
000109
000363
000509
000759
000013
001258
001083
000506
001225
001018
000387
000443
000981
000653
000117
000975
000913
001284
001236
000982
000415
000482
000297
000789
000091
000630
001309
001168
000367
000253
000078
000642
000659
000626
001229
000400
000155
000566
000256
000612
000951
000890
000314
001061
000772
000565
000598
001300
000925
000712
000146
000227
000015
001243
000856
000191
000654
000713
001014
000708
000976
000584
000920
000211
000412
000505
000097
001230
000087
000431
000838
000914
000402
000416
000748
000234
000578
000690
000111
000185
000867
000092
000809
000971
000988
000587
000028
000165
000986
000273
000329
001069
000857
001003
000270
000448
000897
000788
001322
001285
000459
001253
000941
000379
000792
000362
000439
000820
000399
000048
000728
000571
001122
000081
000997
000650
000474
001107
001000
000736
000559
001134
001030
000138
000287
000781
000960
000055
000939
001315
000033
000263
001262
000312
000432
001053
000633
000067
001291
000301
000529
000965
001149
001124
000058
000275
000179
000355
000853
000797
000714
000339
000366
000440
000311
000139
000638
000886
000542
000453
000449
001036
001303
000906
000054
001314
000993
000104
000335
000088
000592
000390
000507
001175
000999
000233
000404
000699
000716
000829
000771
001270
000470
000295
000717
001081
000469
001033
000427
000128
001084
001088
001066
000985
001075
000070
000019
001113
001203
001214
001057
001178
000600
001078
000308
000501
001039
000190
000868
000813
001102
000905
000096
001143
001248
000798
000866
001048
001060
000304
000133
000499
001089
001131
000519
000458
000161
000514
000839
000604
000790
000526
000562
000229
001148
001087
000577
000182
001232
001215
000762
000908
000380
000354
000240
000144
001155
000637
000763
001005
000945
000734
000089
001160
000243
000927
001219
000032
000045
001206
001007
000126
000606
000324
000811
001297
001151
000107
001119
000879
000340
000625
000008
001076
000044
000881
000384
000635
000621
000757
000860
000591
000493
000773
000281
001100
000476
000450
000874
000891
000742
001096
000320
000590
000912
000840
000761
000884
000611
000989
000523
000536
001152
001251
001227
000731
000408
000735
001106
001316
001137
001015
000987
001170
001207
000057
000059
000641
000722
000471
000662
000661
000162
001223
001144
001142
000682
000222
000769
001182
000463
000668
000098
001179
000426
000944
000581
000095
000201
000106
000869
000174
000816
000397
000359
000307
001186
000819
000487
000064
000901
000373
000310
000266
001158
000129
000878
000687
000066
000294
001174
000950
000810
001120
001068
000050
000679
000753
001200
001167
001298
001027
000338
001161
000684
000003
000958
000306
000134
000671
000041
001127
001290
000135
000112
000649
000776
000916
001063
000199
001110
000802
001294
000552
000026
000695
000721
000998
000376
001008
000232
001004
000652
000596
000629
001189
000100
000847
000389
001239
001231
000522
000858
000309
000666
001306
001293
000244
000862
000898
000077
000564
000494
001054
000282
000928
000651
001212
000213
000203
000166
000421
000010
001055
000689
000148
001013
000948
001261
000667
001040
000076
000995
001098
001313
000042
000411
000969
000189
000030
001172
000608
001115
000023
000902
000929
000610
000777
001141
001317
000784
001255
000063
000848
000996
000994
000258
000486
000168
000504
001082
000025
001070
000692
000850
000251
000352
000327
000785
001173
000452
000861
001324
000217
001001
000619
001269
000801
001259
000483
000350
000767
001228
000685
000197
000034
000822
001153
000846
001111
000548
000441
000946
000122
001177
000364
001044
000765
000206
000330
000872
000152
000588
001273
001184
000183
000892
000567
000774
000733
001026
000186
001169
000624
000132
000622
000269
000605
000585
000196
000657
001238
000398
000855
000455
000729
000337
001240
001325
001242
000303
000616
001295
000127
001254
000745
000083
001237
000849
001281
001045
000725
000492
001059
000551
000887
001038
001278
000697
000315
000313
000934
001019
000974
000268
000900
000500
000990
000442
000737
000038
001180
000464
000173
001092
001321
000267
000036
000061
000341
000845
000004
001287
001318
000724
000783
000375
000954
000583
000903
000248
001074
000120
000720
000940
000429
000140
001218
000978
001154
000105
001097
000393
000594
000617
000701
001235
000491
001017
001274
001311
000365
000238
000347
000284
000157
000882
000707
001164
001101
001305
000302
000691
000541
001312
001156
000481
000249
000264
000278
000952
000188
000770
001067
000438
000333
